-1 -1 -0.9 -0.8 -0.7000000000000001 -0.6000000000000001 -0.5000000000000001 -0.40000000000000013 -0.30000000000000016 -0.20000000000000015 -0.10000000000000014 0 0 0 0 0 0 0 0 0 0 0 0 0 0 0 0 0 0 0 0 0 0 0 0 0 0 0 0 0 0 0 0 0 0 0 0 0 0 0 0 0 0 0 0 0 0 0 0 0 
-0.9 -0.9 -1 -0.9 -0.8 -0.7000000000000001 -0.6000000000000001 -0.5000000000000001 -0.40000000000000013 -0.30000000000000016 -0.20000000000000015 -0.10000000000000014 0 0 0 0 0 0 0 0 0 0 0 0 0 0 0 0 0 0 0 0 0 0 0 0 0 0 0 0 0 0 0 0 0 0 0 0 0 0 0 0 0 0 0 0 0 0 0 0 
-0.8 -0.8 -0.9 -1 -0.9 -0.8 -0.7000000000000001 -0.6000000000000001 -0.5000000000000001 -0.40000000000000013 -0.30000000000000016 -0.20000000000000015 -0.10000000000000014 0 0 0 0 0 0 0 0 0 0 0 0 0 0 0 0 0 0 0 0 0 0 0 0 0 0 0 0 0 0 0 0 0 0 0 0 0 0 0 0 0 0 0 0 0 0 0 
-0.7000000000000001 -0.7000000000000001 -0.8 -0.9 -1 -0.9 -0.8 -0.7000000000000001 -0.6000000000000001 -0.5000000000000001 -0.40000000000000013 -0.30000000000000016 -0.20000000000000015 -0.10000000000000014 0 0 0 0 0 0 0 0 0 0 0 0 0 0 0 0 0 0 0 0 0 0 0 0 0 0 0 0 0 0 0 0 0 0 0 0 0 0 0 0 0 0 0 0 0 0 
-0.6000000000000001 -0.6000000000000001 -0.7000000000000001 -0.8 -0.9 -1 -0.9 -0.8 -0.7000000000000001 -0.6000000000000001 -0.5000000000000001 -0.40000000000000013 -0.30000000000000016 -0.20000000000000015 -0.10000000000000014 0 0 0 0 0 0 0 0 0 0 0 0 0 0 0 0 0 0 0 0 0 0 0 0 0 0 0 0 0 0 0 0 0 0 0 0 0 0 0 0 0 0 0 0 0 
-0.5000000000000001 -0.5000000000000001 -0.6000000000000001 -0.7000000000000001 -0.8 -0.9 -1 -0.9 -0.8 -0.7000000000000001 -0.6000000000000001 -0.5000000000000001 -0.40000000000000013 -0.30000000000000016 -0.20000000000000015 -0.10000000000000014 0 0 0 0 0 0 0 0 0 0 0 0 0 0 0 0 0 0 0 0 0 0 0 0 0 0 0 0 0 0 0 0 0 0 0 0 0 0 0 0 0 0 0 0 
-0.40000000000000013 -0.40000000000000013 -0.5000000000000001 -0.6000000000000001 -0.7000000000000001 -0.8 -0.9 -1 -0.9 -0.8 -0.7000000000000001 -0.6000000000000001 -0.5000000000000001 -0.40000000000000013 -0.30000000000000016 -0.20000000000000015 -0.10000000000000014 0 0 0 0 0 0 0 0 0 0 0 0 0 0 0 0 0 0 0 0 0 0 0 0 0 0 0 0 0 0 0 0 0 0 0 0 0 0 0 0 0 0 0 
-0.30000000000000016 -0.30000000000000016 -0.40000000000000013 -0.5000000000000001 -0.6000000000000001 -0.7000000000000001 -0.8 -0.9 -1 -0.9 -0.8 -0.7000000000000001 -0.6000000000000001 -0.5000000000000001 -0.40000000000000013 -0.30000000000000016 -0.20000000000000015 -0.10000000000000014 0 0 0 0 0 0 0 0 0 0 0 0 0 0 0 0 0 0 0 0 0 0 0 0 0 0 0 0 0 0 0 0 0 0 0 0 0 0 0 0 0 0 
-0.20000000000000015 -0.20000000000000015 -0.30000000000000016 -0.40000000000000013 -0.5000000000000001 -0.6000000000000001 -0.7000000000000001 -0.8 -0.9 -1 -0.9 -0.8 -0.7000000000000001 -0.6000000000000001 -0.5000000000000001 -0.40000000000000013 -0.30000000000000016 -0.20000000000000015 -0.10000000000000014 0 0 0 0 0 0 0 0 0 0 0 0 0 0 0 0 0 0 0 0 0 0 0 0 0 0 0 0 0 0 0 0 0 0 0 0 0 0 0 0 0 
-0.10000000000000014 -0.10000000000000014 -0.20000000000000015 -0.30000000000000016 -0.40000000000000013 -0.5000000000000001 -0.6000000000000001 -0.7000000000000001 -0.8 -0.9 -1 -0.9 -0.8 -0.7000000000000001 -0.6000000000000001 -0.5000000000000001 -0.40000000000000013 -0.30000000000000016 -0.20000000000000015 -0.10000000000000014 0 0 0 0 0 0 0 0 0 0 0 0 0 0 0 0 0 0 0 0 0 0 0 0 0 0 0 0 0 0 0 0 0 0 0 0 0 0 0 0 
0 0 -0.10000000000000014 -0.20000000000000015 -0.30000000000000016 -0.40000000000000013 -0.5000000000000001 -0.6000000000000001 -0.7000000000000001 -0.8 -0.9 -1 -0.9 -0.8 -0.7000000000000001 -0.6000000000000001 -0.5000000000000001 -0.40000000000000013 -0.30000000000000016 -0.20000000000000015 -0.10000000000000014 0 0 0 0 0 0 0 0 0 0 0 0 0 0 0 0 0 0 0 0 0 0 0 0 0 0 0 0 0 0 0 0 0 0 0 0 0 0 0 
0 0 0 -0.10000000000000014 -0.20000000000000015 -0.30000000000000016 -0.40000000000000013 -0.5000000000000001 -0.6000000000000001 -0.7000000000000001 -0.8 -0.9 -1 -0.9 -0.8 -0.7000000000000001 -0.6000000000000001 -0.5000000000000001 -0.40000000000000013 -0.30000000000000016 -0.20000000000000015 -0.10000000000000014 0 0 0 0 0 0 0 0 0 0 0 0 0 0 0 0 0 0 0 0 0 0 0 0 0 0 0 0 0 0 0 0 0 0 0 0 0 0 
0 0 0 0 -0.10000000000000014 -0.20000000000000015 -0.30000000000000016 -0.40000000000000013 -0.5000000000000001 -0.6000000000000001 -0.7000000000000001 -0.8 -0.9 -1 -0.9 -0.8 -0.7000000000000001 -0.6000000000000001 -0.5000000000000001 -0.40000000000000013 -0.30000000000000016 -0.20000000000000015 -0.10000000000000014 0 0 0 0 0 0 0 0 0 0 0 0 0 0 0 0 0 0 0 0 0 0 0 0 0 0 0 0 0 0 0 0 0 0 0 0 0 
0 0 0 0 0 -0.10000000000000014 -0.20000000000000015 -0.30000000000000016 -0.40000000000000013 -0.5000000000000001 -0.6000000000000001 -0.7000000000000001 -0.8 -0.9 -1 -0.9 -0.8 -0.7000000000000001 -0.6000000000000001 -0.5000000000000001 -0.40000000000000013 -0.30000000000000016 -0.20000000000000015 -0.10000000000000014 0 0 0 0 0 0 0 0 0 0 0 0 0 0 0 0 0 0 0 0 0 0 0 0 0 0 0 0 0 0 0 0 0 0 0 0 
0 0 0 0 0 0 -0.10000000000000014 -0.20000000000000015 -0.30000000000000016 -0.40000000000000013 -0.5000000000000001 -0.6000000000000001 -0.7000000000000001 -0.8 -0.9 -1 -0.9 -0.8 -0.7000000000000001 -0.6000000000000001 -0.5000000000000001 -0.40000000000000013 -0.30000000000000016 -0.20000000000000015 -0.10000000000000014 0 0 0 0 0 0 0 0 0 0 0 0 0 0 0 0 0 0 0 0 0 0 0 0 0 0 0 0 0 0 0 0 0 0 0 
0 0 0 0 0 0 0 -0.10000000000000014 -0.20000000000000015 -0.30000000000000016 -0.40000000000000013 -0.5000000000000001 -0.6000000000000001 -0.7000000000000001 -0.8 -0.9 -1 -0.9 -0.8 -0.7000000000000001 -0.6000000000000001 -0.5000000000000001 -0.40000000000000013 -0.30000000000000016 -0.20000000000000015 -0.10000000000000014 0 0 0 0 0 0 0 0 0 0 0 0 0 0 0 0 0 0 0 0 0 0 0 0 0 0 0 0 0 0 0 0 0 0 
0 0 0 0 0 0 0 0 -0.10000000000000014 -0.20000000000000015 -0.30000000000000016 -0.40000000000000013 -0.5000000000000001 -0.6000000000000001 -0.7000000000000001 -0.8 -0.9 -1 -0.9 -0.8 -0.7000000000000001 -0.6000000000000001 -0.5000000000000001 -0.40000000000000013 -0.30000000000000016 -0.20000000000000015 -0.10000000000000014 0 0 0 0 0 0 0 0 0 0 0 0 0 0 0 0 0 0 0 0 0 0 0 0 0 0 0 0 0 0 0 0 0 
0 0 0 0 0 0 0 0 0 -0.10000000000000014 -0.20000000000000015 -0.30000000000000016 -0.40000000000000013 -0.5000000000000001 -0.6000000000000001 -0.7000000000000001 -0.8 -0.9 -1 -0.9 -0.8 -0.7000000000000001 -0.6000000000000001 -0.5000000000000001 -0.40000000000000013 -0.30000000000000016 -0.20000000000000015 -0.10000000000000014 0 0 0 0 0 0 0 0 0 0 0 0 0 0 0 0 0 0 0 0 0 0 0 0 0 0 0 0 0 0 0 0 
0 0 0 0 0 0 0 0 0 0 -0.10000000000000014 -0.20000000000000015 -0.30000000000000016 -0.40000000000000013 -0.5000000000000001 -0.6000000000000001 -0.7000000000000001 -0.8 -0.9 -1 -0.9 -0.8 -0.7000000000000001 -0.6000000000000001 -0.5000000000000001 -0.40000000000000013 -0.30000000000000016 -0.20000000000000015 -0.10000000000000014 0 0 0 0 0 0 0 0 0 0 0 0 0 0 0 0 0 0 0 0 0 0 0 0 0 0 0 0 0 0 0 
0 0 0 0 0 0 0 0 0 0 0 -0.10000000000000014 -0.20000000000000015 -0.30000000000000016 -0.40000000000000013 -0.5000000000000001 -0.6000000000000001 -0.7000000000000001 -0.8 -0.9 -1 -0.9 -0.8 -0.7000000000000001 -0.6000000000000001 -0.5000000000000001 -0.40000000000000013 -0.30000000000000016 -0.20000000000000015 -0.10000000000000014 0 0 0 0 0 0 0 0 0 0 0 0 0 0 0 0 0 0 0 0 0 0 0 0 0 0 0 0 0 0 
0 0 0 0 0 0 0 0 0 0 0 0 -0.10000000000000014 -0.20000000000000015 -0.30000000000000016 -0.40000000000000013 -0.5000000000000001 -0.6000000000000001 -0.7000000000000001 -0.8 -0.9 -1 -0.9 -0.8 -0.7000000000000001 -0.6000000000000001 -0.5000000000000001 -0.40000000000000013 -0.30000000000000016 -0.20000000000000015 -0.10000000000000014 0 0 0 0 0 0 0 0 0 0 0 0 0 0 0 0 0 0 0 0 0 0 0 0 0 0 0 0 0 
0 0 0 0 0 0 0 0 0 0 0 0 0 -0.10000000000000014 -0.20000000000000015 -0.30000000000000016 -0.40000000000000013 -0.5000000000000001 -0.6000000000000001 -0.7000000000000001 -0.8 -0.9 -1 -0.9 -0.8 -0.7000000000000001 -0.6000000000000001 -0.5000000000000001 -0.40000000000000013 -0.30000000000000016 -0.20000000000000015 -0.10000000000000014 0 0 0 0 0 0 0 0 0 0 0 0 0 0 0 0 0 0 0 0 0 0 0 0 0 0 0 0 
0 0 0 0 0 0 0 0 0 0 0 0 0 0 -0.10000000000000014 -0.20000000000000015 -0.30000000000000016 -0.40000000000000013 -0.5000000000000001 -0.6000000000000001 -0.7000000000000001 -0.8 -0.9 -1 -0.9 -0.8 -0.7000000000000001 -0.6000000000000001 -0.5000000000000001 -0.40000000000000013 -0.30000000000000016 -0.20000000000000015 -0.10000000000000014 0 0 0 0 0 0 0 0 0 0 0 0 0 0 0 0 0 0 0 0 0 0 0 0 0 0 0 
0 0 0 0 0 0 0 0 0 0 0 0 0 0 0 -0.10000000000000014 -0.20000000000000015 -0.30000000000000016 -0.40000000000000013 -0.5000000000000001 -0.6000000000000001 -0.7000000000000001 -0.8 -0.9 -1 -0.9 -0.8 -0.7000000000000001 -0.6000000000000001 -0.5000000000000001 -0.40000000000000013 -0.30000000000000016 -0.20000000000000015 -0.10000000000000014 0 0 0 0 0 0 0 0 0 0 0 0 0 0 0 0 0 0 0 0 0 0 0 0 0 0 
0 0 0 0 0 0 0 0 0 0 0 0 0 0 0 0 -0.10000000000000014 -0.20000000000000015 -0.30000000000000016 -0.40000000000000013 -0.5000000000000001 -0.6000000000000001 -0.7000000000000001 -0.8 -0.9 -1 -0.9 -0.8 -0.7000000000000001 -0.6000000000000001 -0.5000000000000001 -0.40000000000000013 -0.30000000000000016 -0.20000000000000015 -0.10000000000000014 0 0 0 0 0 0 0 0 0 0 0 0 0 0 0 0 0 0 0 0 0 0 0 0 0 
0 0 0 0 0 0 0 0 0 0 0 0 0 0 0 0 0 -0.10000000000000014 -0.20000000000000015 -0.30000000000000016 -0.40000000000000013 -0.5000000000000001 -0.6000000000000001 -0.7000000000000001 -0.8 -0.9 -1 -0.9 -0.8 -0.7000000000000001 -0.6000000000000001 -0.5000000000000001 -0.40000000000000013 -0.30000000000000016 -0.20000000000000015 -0.10000000000000014 0 0 0 0 0 0 0 0 0 0 0 0 0 0 0 0 0 0 0 0 0 0 0 0 
0 0 0 0 0 0 0 0 0 0 0 0 0 0 0 0 0 0 -0.10000000000000014 -0.20000000000000015 -0.30000000000000016 -0.40000000000000013 -0.5000000000000001 -0.6000000000000001 -0.7000000000000001 -0.8 -0.9 -1 -0.9 -0.8 -0.7000000000000001 -0.6000000000000001 -0.5000000000000001 -0.40000000000000013 -0.30000000000000016 -0.20000000000000015 -0.10000000000000014 0 0 0 0 0 0 0 0 0 0 0 0 0 0 0 0 0 0 0 0 0 0 0 
0 0 0 0 0 0 0 0 0 0 0 0 0 0 0 0 0 0 0 -0.10000000000000014 -0.20000000000000015 -0.30000000000000016 -0.40000000000000013 -0.5000000000000001 -0.6000000000000001 -0.7000000000000001 -0.8 -0.9 -1 -0.9 -0.8 -0.7000000000000001 -0.6000000000000001 -0.5000000000000001 -0.40000000000000013 -0.30000000000000016 -0.20000000000000015 -0.10000000000000014 0 0 0 0 0 0 0 0 0 0 0 0 0 0 0 0 0 0 0 0 0 0 
0 0 0 0 0 0 0 0 0 0 0 0 0 0 0 0 0 0 0 0 -0.10000000000000014 -0.20000000000000015 -0.30000000000000016 -0.40000000000000013 -0.5000000000000001 -0.6000000000000001 -0.7000000000000001 -0.8 -0.9 -1 -0.9 -0.8 -0.7000000000000001 -0.6000000000000001 -0.5000000000000001 -0.40000000000000013 -0.30000000000000016 -0.20000000000000015 -0.10000000000000014 0 0 0 0 0 0 0 0 0 0 0 0 0 0 0 0 0 0 0 0 0 
0 0 0 0 0 0 0 0 0 0 0 0 0 0 0 0 0 0 0 0 0 -0.10000000000000014 -0.20000000000000015 -0.30000000000000016 -0.40000000000000013 -0.5000000000000001 -0.6000000000000001 -0.7000000000000001 -0.8 -0.9 -1 -0.9 -0.8 -0.7000000000000001 -0.6000000000000001 -0.5000000000000001 -0.40000000000000013 -0.30000000000000016 -0.20000000000000015 -0.10000000000000014 0 0 0 0 0 0 0 0 0 0 0 0 0 0 0 0 0 0 0 0 
0 0 0 0 0 0 0 0 0 0 0 0 0 0 0 0 0 0 0 0 0 0 -0.10000000000000014 -0.20000000000000015 -0.30000000000000016 -0.40000000000000013 -0.5000000000000001 -0.6000000000000001 -0.7000000000000001 -0.8 -0.9 -1 -0.9 -0.8 -0.7000000000000001 -0.6000000000000001 -0.5000000000000001 -0.40000000000000013 -0.30000000000000016 -0.20000000000000015 -0.10000000000000014 0 0 0 0 0 0 0 0 0 0 0 0 0 0 0 0 0 0 0 
0 0 0 0 0 0 0 0 0 0 0 0 0 0 0 0 0 0 0 0 0 0 0 -0.10000000000000014 -0.20000000000000015 -0.30000000000000016 -0.40000000000000013 -0.5000000000000001 -0.6000000000000001 -0.7000000000000001 -0.8 -0.9 -1 -0.9 -0.8 -0.7000000000000001 -0.6000000000000001 -0.5000000000000001 -0.40000000000000013 -0.30000000000000016 -0.20000000000000015 -0.10000000000000014 0 0 0 0 0 0 0 0 0 0 0 0 0 0 0 0 0 0 
0 0 0 0 0 0 0 0 0 0 0 0 0 0 0 0 0 0 0 0 0 0 0 0 -0.10000000000000014 -0.20000000000000015 -0.30000000000000016 -0.40000000000000013 -0.5000000000000001 -0.6000000000000001 -0.7000000000000001 -0.8 -0.9 -1 -0.9 -0.8 -0.7000000000000001 -0.6000000000000001 -0.5000000000000001 -0.40000000000000013 -0.30000000000000016 -0.20000000000000015 -0.10000000000000014 0 0 0 0 0 0 0 0 0 0 0 0 0 0 0 0 0 
0 0 0 0 0 0 0 0 0 0 0 0 0 0 0 0 0 0 0 0 0 0 0 0 0 -0.10000000000000014 -0.20000000000000015 -0.30000000000000016 -0.40000000000000013 -0.5000000000000001 -0.6000000000000001 -0.7000000000000001 -0.8 -0.9 -1 -0.9 -0.8 -0.7000000000000001 -0.6000000000000001 -0.5000000000000001 -0.40000000000000013 -0.30000000000000016 -0.20000000000000015 -0.10000000000000014 0 0 0 0 0 0 0 0 0 0 0 0 0 0 0 0 
0 0 0 0 0 0 0 0 0 0 0 0 0 0 0 0 0 0 0 0 0 0 0 0 0 0 -0.10000000000000014 -0.20000000000000015 -0.30000000000000016 -0.40000000000000013 -0.5000000000000001 -0.6000000000000001 -0.7000000000000001 -0.8 -0.9 -1 -0.9 -0.8 -0.7000000000000001 -0.6000000000000001 -0.5000000000000001 -0.40000000000000013 -0.30000000000000016 -0.20000000000000015 -0.10000000000000014 0 0 0 0 0 0 0 0 0 0 0 0 0 0 0 
0 0 0 0 0 0 0 0 0 0 0 0 0 0 0 0 0 0 0 0 0 0 0 0 0 0 0 -0.10000000000000014 -0.20000000000000015 -0.30000000000000016 -0.40000000000000013 -0.5000000000000001 -0.6000000000000001 -0.7000000000000001 -0.8 -0.9 -1 -0.9 -0.8 -0.7000000000000001 -0.6000000000000001 -0.5000000000000001 -0.40000000000000013 -0.30000000000000016 -0.20000000000000015 -0.10000000000000014 0 0 0 0 0 0 0 0 0 0 0 0 0 0 
0 0 0 0 0 0 0 0 0 0 0 0 0 0 0 0 0 0 0 0 0 0 0 0 0 0 0 0 -0.10000000000000014 -0.20000000000000015 -0.30000000000000016 -0.40000000000000013 -0.5000000000000001 -0.6000000000000001 -0.7000000000000001 -0.8 -0.9 -1 -0.9 -0.8 -0.7000000000000001 -0.6000000000000001 -0.5000000000000001 -0.40000000000000013 -0.30000000000000016 -0.20000000000000015 -0.10000000000000014 0 0 0 0 0 0 0 0 0 0 0 0 0 
0 0 0 0 0 0 0 0 0 0 0 0 0 0 0 0 0 0 0 0 0 0 0 0 0 0 0 0 0 -0.10000000000000014 -0.20000000000000015 -0.30000000000000016 -0.40000000000000013 -0.5000000000000001 -0.6000000000000001 -0.7000000000000001 -0.8 -0.9 -1 -0.9 -0.8 -0.7000000000000001 -0.6000000000000001 -0.5000000000000001 -0.40000000000000013 -0.30000000000000016 -0.20000000000000015 -0.10000000000000014 0 0 0 0 0 0 0 0 0 0 0 0 
0 0 0 0 0 0 0 0 0 0 0 0 0 0 0 0 0 0 0 0 0 0 0 0 0 0 0 0 0 0 -0.10000000000000014 -0.20000000000000015 -0.30000000000000016 -0.40000000000000013 -0.5000000000000001 -0.6000000000000001 -0.7000000000000001 -0.8 -0.9 -1 -0.9 -0.8 -0.7000000000000001 -0.6000000000000001 -0.5000000000000001 -0.40000000000000013 -0.30000000000000016 -0.20000000000000015 -0.10000000000000014 0 0 0 0 0 0 0 0 0 0 0 
0 0 0 0 0 0 0 0 0 0 0 0 0 0 0 0 0 0 0 0 0 0 0 0 0 0 0 0 0 0 0 -0.10000000000000014 -0.20000000000000015 -0.30000000000000016 -0.40000000000000013 -0.5000000000000001 -0.6000000000000001 -0.7000000000000001 -0.8 -0.9 -1 -0.9 -0.8 -0.7000000000000001 -0.6000000000000001 -0.5000000000000001 -0.40000000000000013 -0.30000000000000016 -0.20000000000000015 -0.10000000000000014 0 0 0 0 0 0 0 0 0 0 
0 0 0 0 0 0 0 0 0 0 0 0 0 0 0 0 0 0 0 0 0 0 0 0 0 0 0 0 0 0 0 0 -0.10000000000000014 -0.20000000000000015 -0.30000000000000016 -0.40000000000000013 -0.5000000000000001 -0.6000000000000001 -0.7000000000000001 -0.8 -0.9 -1 -0.9 -0.8 -0.7000000000000001 -0.6000000000000001 -0.5000000000000001 -0.40000000000000013 -0.30000000000000016 -0.20000000000000015 -0.10000000000000014 0 0 0 0 0 0 0 0 0 
0 0 0 0 0 0 0 0 0 0 0 0 0 0 0 0 0 0 0 0 0 0 0 0 0 0 0 0 0 0 0 0 0 -0.10000000000000014 -0.20000000000000015 -0.30000000000000016 -0.40000000000000013 -0.5000000000000001 -0.6000000000000001 -0.7000000000000001 -0.8 -0.9 -1 -0.9 -0.8 -0.7000000000000001 -0.6000000000000001 -0.5000000000000001 -0.40000000000000013 -0.30000000000000016 -0.20000000000000015 -0.10000000000000014 0 0 0 0 0 0 0 0 
0 0 0 0 0 0 0 0 0 0 0 0 0 0 0 0 0 0 0 0 0 0 0 0 0 0 0 0 0 0 0 0 0 0 -0.10000000000000014 -0.20000000000000015 -0.30000000000000016 -0.40000000000000013 -0.5000000000000001 -0.6000000000000001 -0.7000000000000001 -0.8 -0.9 -1 -0.9 -0.8 -0.7000000000000001 -0.6000000000000001 -0.5000000000000001 -0.40000000000000013 -0.30000000000000016 -0.20000000000000015 -0.10000000000000014 0 0 0 0 0 0 0 
0 0 0 0 0 0 0 0 0 0 0 0 0 0 0 0 0 0 0 0 0 0 0 0 0 0 0 0 0 0 0 0 0 0 0 -0.10000000000000014 -0.20000000000000015 -0.30000000000000016 -0.40000000000000013 -0.5000000000000001 -0.6000000000000001 -0.7000000000000001 -0.8 -0.9 -1 -0.9 -0.8 -0.7000000000000001 -0.6000000000000001 -0.5000000000000001 -0.40000000000000013 -0.30000000000000016 -0.20000000000000015 -0.10000000000000014 0 0 0 0 0 0 
0 0 0 0 0 0 0 0 0 0 0 0 0 0 0 0 0 0 0 0 0 0 0 0 0 0 0 0 0 0 0 0 0 0 0 0 -0.10000000000000014 -0.20000000000000015 -0.30000000000000016 -0.40000000000000013 -0.5000000000000001 -0.6000000000000001 -0.7000000000000001 -0.8 -0.9 -1 -0.9 -0.8 -0.7000000000000001 -0.6000000000000001 -0.5000000000000001 -0.40000000000000013 -0.30000000000000016 -0.20000000000000015 -0.10000000000000014 0 0 0 0 0 
0 0 0 0 0 0 0 0 0 0 0 0 0 0 0 0 0 0 0 0 0 0 0 0 0 0 0 0 0 0 0 0 0 0 0 0 0 -0.10000000000000014 -0.20000000000000015 -0.30000000000000016 -0.40000000000000013 -0.5000000000000001 -0.6000000000000001 -0.7000000000000001 -0.8 -0.9 -1 -0.9 -0.8 -0.7000000000000001 -0.6000000000000001 -0.5000000000000001 -0.40000000000000013 -0.30000000000000016 -0.20000000000000015 -0.10000000000000014 0 0 0 0 
0 0 0 0 0 0 0 0 0 0 0 0 0 0 0 0 0 0 0 0 0 0 0 0 0 0 0 0 0 0 0 0 0 0 0 0 0 0 -0.10000000000000014 -0.20000000000000015 -0.30000000000000016 -0.40000000000000013 -0.5000000000000001 -0.6000000000000001 -0.7000000000000001 -0.8 -0.9 -1 -0.9 -0.8 -0.7000000000000001 -0.6000000000000001 -0.5000000000000001 -0.40000000000000013 -0.30000000000000016 -0.20000000000000015 -0.10000000000000014 0 0 0 
0 0 0 0 0 0 0 0 0 0 0 0 0 0 0 0 0 0 0 0 0 0 0 0 0 0 0 0 0 0 0 0 0 0 0 0 0 0 0 -0.10000000000000014 -0.20000000000000015 -0.30000000000000016 -0.40000000000000013 -0.5000000000000001 -0.6000000000000001 -0.7000000000000001 -0.8 -0.9 -1 -0.9 -0.8 -0.7000000000000001 -0.6000000000000001 -0.5000000000000001 -0.40000000000000013 -0.30000000000000016 -0.20000000000000015 -0.10000000000000014 0 0 
0 0 0 0 0 0 0 0 0 0 0 0 0 0 0 0 0 0 0 0 0 0 0 0 0 0 0 0 0 0 0 0 0 0 0 0 0 0 0 0 -0.10000000000000014 -0.20000000000000015 -0.30000000000000016 -0.40000000000000013 -0.5000000000000001 -0.6000000000000001 -0.7000000000000001 -0.8 -0.9 -1 -0.9 -0.8 -0.7000000000000001 -0.6000000000000001 -0.5000000000000001 -0.40000000000000013 -0.30000000000000016 -0.20000000000000015 -0.10000000000000014 0 
0 0 0 0 0 0 0 0 0 0 0 0 0 0 0 0 0 0 0 0 0 0 0 0 0 0 0 0 0 0 0 0 0 0 0 0 0 0 0 0 0 -0.10000000000000014 -0.20000000000000015 -0.30000000000000016 -0.40000000000000013 -0.5000000000000001 -0.6000000000000001 -0.7000000000000001 -0.8 -0.9 -1 -0.9 -0.8 -0.7000000000000001 -0.6000000000000001 -0.5000000000000001 -0.40000000000000013 -0.30000000000000016 -0.20000000000000015 -0.10000000000000014 
0 0 0 0 0 0 0 0 0 0 0 0 0 0 0 0 0 0 0 0 0 0 0 0 0 0 0 0 0 0 0 0 0 0 0 0 0 0 0 0 0 0 -0.10000000000000014 -0.20000000000000015 -0.30000000000000016 -0.40000000000000013 -0.5000000000000001 -0.6000000000000001 -0.7000000000000001 -0.8 -0.9 -1 -0.9 -0.8 -0.7000000000000001 -0.6000000000000001 -0.5000000000000001 -0.40000000000000013 -0.30000000000000016 -0.20000000000000015 
0 0 0 0 0 0 0 0 0 0 0 0 0 0 0 0 0 0 0 0 0 0 0 0 0 0 0 0 0 0 0 0 0 0 0 0 0 0 0 0 0 0 0 -0.10000000000000014 -0.20000000000000015 -0.30000000000000016 -0.40000000000000013 -0.5000000000000001 -0.6000000000000001 -0.7000000000000001 -0.8 -0.9 -1 -0.9 -0.8 -0.7000000000000001 -0.6000000000000001 -0.5000000000000001 -0.40000000000000013 -0.30000000000000016 
0 0 0 0 0 0 0 0 0 0 0 0 0 0 0 0 0 0 0 0 0 0 0 0 0 0 0 0 0 0 0 0 0 0 0 0 0 0 0 0 0 0 0 0 -0.10000000000000014 -0.20000000000000015 -0.30000000000000016 -0.40000000000000013 -0.5000000000000001 -0.6000000000000001 -0.7000000000000001 -0.8 -0.9 -1 -0.9 -0.8 -0.7000000000000001 -0.6000000000000001 -0.5000000000000001 -0.40000000000000013 
0 0 0 0 0 0 0 0 0 0 0 0 0 0 0 0 0 0 0 0 0 0 0 0 0 0 0 0 0 0 0 0 0 0 0 0 0 0 0 0 0 0 0 0 0 -0.10000000000000014 -0.20000000000000015 -0.30000000000000016 -0.40000000000000013 -0.5000000000000001 -0.6000000000000001 -0.7000000000000001 -0.8 -0.9 -1 -0.9 -0.8 -0.7000000000000001 -0.6000000000000001 -0.5000000000000001 
0 0 0 0 0 0 0 0 0 0 0 0 0 0 0 0 0 0 0 0 0 0 0 0 0 0 0 0 0 0 0 0 0 0 0 0 0 0 0 0 0 0 0 0 0 0 -0.10000000000000014 -0.20000000000000015 -0.30000000000000016 -0.40000000000000013 -0.5000000000000001 -0.6000000000000001 -0.7000000000000001 -0.8 -0.9 -1 -0.9 -0.8 -0.7000000000000001 -0.6000000000000001 
0 0 0 0 0 0 0 0 0 0 0 0 0 0 0 0 0 0 0 0 0 0 0 0 0 0 0 0 0 0 0 0 0 0 0 0 0 0 0 0 0 0 0 0 0 0 0 -0.10000000000000014 -0.20000000000000015 -0.30000000000000016 -0.40000000000000013 -0.5000000000000001 -0.6000000000000001 -0.7000000000000001 -0.8 -0.9 -1 -0.9 -0.8 -0.7000000000000001 
0 0 0 0 0 0 0 0 0 0 0 0 0 0 0 0 0 0 0 0 0 0 0 0 0 0 0 0 0 0 0 0 0 0 0 0 0 0 0 0 0 0 0 0 0 0 0 0 -0.10000000000000014 -0.20000000000000015 -0.30000000000000016 -0.40000000000000013 -0.5000000000000001 -0.6000000000000001 -0.7000000000000001 -0.8 -0.9 -1 -0.9 -0.8 
0 0 0 0 0 0 0 0 0 0 0 0 0 0 0 0 0 0 0 0 0 0 0 0 0 0 0 0 0 0 0 0 0 0 0 0 0 0 0 0 0 0 0 0 0 0 0 0 0 -0.10000000000000014 -0.20000000000000015 -0.30000000000000016 -0.40000000000000013 -0.5000000000000001 -0.6000000000000001 -0.7000000000000001 -0.8 -0.9 -1 -0.9 
0 0 0 0 0 0 0 0 0 0 0 0 0 0 0 0 0 0 0 0 0 0 0 0 0 0 0 0 0 0 0 0 0 0 0 0 0 0 0 0 0 0 0 0 0 0 0 0 0 0 -0.10000000000000014 -0.20000000000000015 -0.30000000000000016 -0.40000000000000013 -0.5000000000000001 -0.6000000000000001 -0.7000000000000001 -0.8 -0.9 -1 
0 0 0 0 0 0 0 0 0 0 0 0 0 0 0 0 0 0 0 0 0 0 0 0 0 0 0 0 0 0 0 0 0 0 0 0 0 0 0 0 0 0 0 0 0 0 0 0 0 0 0 -0.10000000000000014 -0.20000000000000015 -0.30000000000000016 -0.40000000000000013 -0.5000000000000001 -0.6000000000000001 -0.7000000000000001 -0.8 -0.9 
